function FE = FM_quat(t,in2,in3,in4,in5)
%FM_quat
%    FE = FM_quat(T,IN2,IN3,IN4,IN5)

%    This function was generated by the Symbolic Math Toolbox version 9.3.
%    23-Jul-2024 12:45:33

F_iso1 = in3(:,1);
F_iso2 = in3(:,2);
F_iso3 = in3(:,3);
F_iso4 = in3(:,4);
F_iso5 = in3(:,5);
F_iso6 = in3(:,6);
akt1 = in5(1,:);
akt2 = in5(2,:);
akt3 = in5(3,:);
akt4 = in5(4,:);
akt5 = in5(5,:);
akt6 = in5(6,:);
l0m1 = in4(:,1);
l0m2 = in4(:,2);
l0m3 = in4(:,3);
l0m4 = in4(:,4);
l0m5 = in4(:,5);
l0m6 = in4(:,6);
q1 = in2(:,1);
q2 = in2(:,2);
q3 = in2(:,3);
q4 = in2(:,4);
q5 = in2(:,5);
q6 = in2(:,6);
q7 = in2(:,7);
q8 = in2(:,8);
t2 = q1.*2.0;
t3 = q2.*2.0;
t4 = q3.*2.0;
t5 = q2.*4.0;
t6 = q4.*2.0;
t7 = q3.*4.0;
t8 = q5.*2.0;
t9 = q4.*4.0;
t10 = q6.*2.0;
t11 = q7.*2.0;
t12 = q8.*2.0;
t13 = q5.*6.0;
t14 = q7.*4.0;
t15 = q6.*6.0;
t16 = q8.*4.0;
t17 = q7.*6.0;
t18 = q8.*6.0;
t19 = q2.^2;
t20 = q3.^2;
t22 = q6.^2;
t23 = q7.^2;
t24 = q8.^2;
t41 = 1.0./l0m1;
t42 = 1.0./l0m2;
t44 = 1.0./l0m3;
t46 = 1.0./l0m4;
t48 = 1.0./l0m5;
t50 = 1.0./l0m6;
t61 = q5.*1.2e+1;
t62 = q6.*1.2e+1;
t63 = q7.*1.2e+1;
t64 = q8.*1.2e+1;
t65 = q1.*2.0e+1;
t66 = q2.*2.0e+1;
t67 = q3.*2.0e+1;
t68 = q4.*2.0e+1;
t69 = q6.*2.4e+1;
t70 = q8.*2.4e+1;
t71 = q2.*4.0e+1;
t72 = q3.*4.0e+1;
t81 = q1.*q3.*-2.0;
t82 = q1.*q4.*-2.0;
t83 = q2.*q3.*-2.0;
t87 = q6.*q8.*-2.0;
t88 = q5.*q6.*-6.0;
t111 = q1.*q2.*-2.0e+1;
t112 = q1.*q3.*-2.0e+1;
t113 = q6.*q7.*-1.2e+1;
t114 = q2.*q4.*-2.0e+1;
t115 = q3.*q4.*-2.0e+1;
t25 = q2.*t2;
t26 = q3.*t2;
t27 = q4.*t2;
t28 = q3.*t3;
t29 = q4.*t3;
t30 = q4.*t4;
t31 = q6.*t8;
t32 = q7.*t8;
t33 = q8.*t8;
t34 = q7.*t10;
t35 = q8.*t10;
t37 = q8.*t11;
t38 = q7.*t13;
t39 = q8.*t15;
t40 = q8.*t17;
t43 = t41.^3;
t45 = t42.^3;
t47 = t44.^3;
t49 = t46.^3;
t51 = t48.^3;
t52 = t50.^3;
t53 = -t2;
t54 = -t3;
t55 = -t4;
t56 = -t5;
t57 = -t12;
t58 = -t13;
t59 = -t16;
t60 = -t18;
t73 = q2.*t3;
t74 = q3.*t4;
t75 = q4.*t6;
t76 = q6.*t10;
t77 = q7.*t11;
t78 = q8.*t12;
t79 = q6.*t15;
t80 = q7.*t17;
t90 = q2.*t65;
t91 = q6.*t61;
t92 = q3.*t65;
t93 = q8.*t61;
t95 = q4.*t66;
t96 = q4.*t67;
t97 = q8.*t63;
t98 = -t63;
t99 = -t65;
t100 = -t66;
t101 = -t67;
t102 = -t68;
t103 = -t71;
t104 = -t72;
t105 = t23.*-2.0;
t106 = t24.*-2.0;
t107 = t22.*1.2e+1;
t108 = t24.*1.2e+1;
t109 = t19.*2.0e+1;
t110 = t20.*2.0e+1;
t116 = t3+t4;
t117 = t10+t18;
t122 = t11+t62;
t123 = t6+t66;
t124 = t6+t67;
t125 = t17+t64;
t142 = t2+t9+t66;
t143 = t2+t6+t71;
t144 = t8+t17+t70;
t210 = t8+t63+t64;
t118 = -t109;
t119 = -t110;
t120 = t3+t55;
t126 = t10+t98;
t129 = t60+t63;
t130 = t25+t30;
t131 = t26+t29;
t132 = t27+t28;
t133 = t31+t37;
t134 = t32+t35;
t135 = t33+t34;
t138 = t27+t83;
t140 = t32+t87;
t205 = t7+t54+t65;
t206 = t4+t56+t65;
t207 = t9+t53+t67;
t208 = t14+t58+t62;
t209 = t15+t59+t61;
t211 = t11+t58+t69;
t212 = t6+t53+t72;
t213 = t8.*(t25-t30);
t217 = t10.*(t25-t30);
t218 = t10.*(t26-t29);
t221 = q5.*(t25-t30).*4.0;
t222 = q5.*(t26-t29).*4.0;
t223 = q5.*(t27-t28).*4.0;
t225 = t11.*(t25-t30);
t226 = t11.*(t26-t29);
t227 = q7.*(t27-t28).*2.0;
t229 = q6.*(t25-t30).*4.0;
t230 = q6.*(t26-t29).*4.0;
t232 = q6.*(t27-t28).*4.0;
t233 = t12.*(t25-t30);
t234 = t12.*(t26-t29);
t236 = q8.*(t27-t28).*2.0;
t237 = t13.*(t25-t30);
t241 = t14.*(t25-t30);
t242 = t14.*(t26-t29);
t243 = q7.*(t27-t28).*4.0;
t245 = t15.*(t25-t30);
t249 = t16.*(t25-t30);
t250 = t16.*(t26-t29);
t252 = q8.*(t27-t28).*4.0;
t256 = t17.*(t25-t30);
t258 = t17.*(t26-t29);
t265 = t18.*(t25-t30);
t266 = t18.*(t26-t29);
t284 = t2.*(t32-t35);
t287 = t3.*(t32-t35);
t288 = t3.*(t33-t34);
t292 = q1.*(t32-t35).*4.0;
t293 = q1.*(t33-t34).*4.0;
t294 = t4.*(t32-t35);
t295 = t4.*(t33-t34);
t297 = t5.*(t32-t35);
t298 = t5.*(t33-t34);
t300 = t6.*(t32-t35);
t301 = t6.*(t33-t34);
t304 = q1.*(t32-t35).*6.0;
t305 = q1.*(t33-t34).*6.0;
t307 = t7.*(t32-t35);
t308 = t7.*(t33-t34);
t312 = q2.*(t32-t35).*6.0;
t313 = q2.*(t33-t34).*6.0;
t314 = q4.*(t32-t35).*4.0;
t315 = q4.*(t33-t34).*4.0;
t322 = q3.*(t32-t35).*6.0;
t323 = q3.*(t33-t34).*6.0;
t331 = q4.*(t32-t35).*6.0;
t332 = q4.*(t33-t34).*6.0;
t370 = t73+t74-1.0;
t371 = t73+t75-1.0;
t372 = t74+t75-1.0;
t373 = t76+t77-1.0;
t374 = t76+t78-1.0;
t375 = t77+t78-1.0;
t376 = t57+t61+t62;
t378 = q5.*(t26-t29).*-2.0;
t381 = q7.*(t25-t30).*-2.0;
t382 = q8.*(t25-t30).*-2.0;
t384 = q5.*(t25-t30).*-6.0;
t386 = t58.*(t27-t28);
t387 = q7.*(t25-t30).*-4.0;
t388 = q6.*(t26-t29).*-6.0;
t389 = q8.*(t25-t30).*-4.0;
t391 = q5.*(t25-t30).*8.0;
t393 = q5.*(t26-t29).*8.0;
t394 = q5.*(t27-t28).*8.0;
t396 = q7.*(t25-t30).*-6.0;
t397 = -t17.*(t27-t28);
t398 = q6.*(t25-t30).*8.0;
t400 = q6.*(t26-t29).*8.0;
t402 = q6.*(t27-t28).*8.0;
t406 = q5.*(t26-t29).*1.0e+1;
t407 = q5.*(t27-t28).*1.0e+1;
t409 = q7.*(t25-t30).*8.0;
t410 = q7.*(t26-t29).*8.0;
t411 = q7.*(t27-t28).*8.0;
t414 = q6.*(t26-t29).*1.0e+1;
t415 = q6.*(t27-t28).*1.0e+1;
t417 = q8.*(t25-t30).*8.0;
t418 = q8.*(t26-t29).*8.0;
t420 = q8.*(t27-t28).*8.0;
t421 = q7.*(t26-t29).*1.0e+1;
t422 = q7.*(t27-t28).*1.0e+1;
t423 = t62.*(t27-t28);
t424 = q8.*(t26-t29).*1.0e+1;
t425 = q8.*(t27-t28).*1.0e+1;
t426 = q1.*(t33-t34).*-2.0;
t427 = t63.*(t26-t29);
t428 = q2.*(t33-t34).*-2.0;
t430 = t64.*(t27-t28);
t433 = q2.*(t33-t34).*-4.0;
t434 = q6.*(t25-t30).*1.6e+1;
t435 = q6.*(t27-t28).*1.6e+1;
t438 = q7.*(t25-t30).*1.6e+1;
t439 = q7.*(t26-t29).*1.6e+1;
t441 = q8.*(t26-t29).*1.6e+1;
t442 = q8.*(t27-t28).*1.6e+1;
t443 = q1.*(t31-t37).*8.0;
t444 = q1.*(t32-t35).*8.0;
t446 = q1.*(t33-t34).*8.0;
t449 = q5.*(t26-t29).*2.0e+1;
t450 = q5.*(t27-t28).*2.0e+1;
t452 = q2.*(t31-t37).*8.0;
t453 = q2.*(t32-t35).*8.0;
t455 = q2.*(t33-t34).*8.0;
t458 = q6.*(t25-t30).*2.0e+1;
t460 = q6.*(t26-t29).*2.0e+1;
t461 = q6.*(t27-t28).*2.0e+1;
t463 = q1.*(t31-t37).*1.0e+1;
t465 = q3.*(t31-t37).*8.0;
t466 = q3.*(t32-t35).*8.0;
t468 = q3.*(t33-t34).*8.0;
t470 = q7.*(t25-t30).*2.0e+1;
t471 = q7.*(t26-t29).*2.0e+1;
t472 = q7.*(t27-t28).*2.0e+1;
t473 = q2.*(t31-t37).*1.0e+1;
t475 = q4.*(t31-t37).*8.0;
t476 = q4.*(t32-t35).*8.0;
t477 = q4.*(t33-t34).*8.0;
t478 = q8.*(t26-t29).*2.0e+1;
t479 = q8.*(t27-t28).*2.0e+1;
t480 = q3.*(t31-t37).*1.0e+1;
t482 = q2.*(t32-t35).*1.2e+1;
t483 = q4.*(t31-t37).*1.0e+1;
t485 = q3.*(t32-t35).*1.2e+1;
t486 = q3.*(t33-t34).*1.2e+1;
t487 = q4.*(t33-t34).*1.2e+1;
t488 = q2.*(t31-t37).*1.6e+1;
t489 = q2.*(t32-t35).*1.6e+1;
t491 = q3.*(t32-t35).*1.6e+1;
t492 = q3.*(t33-t34).*1.6e+1;
t493 = q4.*(t31-t37).*1.6e+1;
t494 = q4.*(t33-t34).*1.6e+1;
t497 = t66.*(t31-t37);
t499 = t67.*(t31-t37);
t502 = q6.*(t25-t30).*4.0e+1;
t503 = q7.*(t25-t30).*4.0e+1;
t504 = t71.*(t31-t37);
t505 = q4.*(t31-t37).*4.0e+1;
t521 = q8.*(t26-t29).*-1.2e+1;
t543 = q1.*(t31-t37).*-2.0e+1;
t545 = q3.*(t31-t37).*-2.0e+1;
t546 = q4.*(t31-t37).*-2.0e+1;
t751 = (t25-t30).*(t32-t35);
t752 = (t26-t29).*(t33-t34);
t780 = (t27-t28).*(t31-t37).*4.0;
t783 = (t27-t28).*(t31-t37).*5.0;
t798 = (t27-t28).*(t31-t37).*1.0e+1;
t870 = t38+t39+t93+t105+t106+t113+5.0;
t872 = t73+t75+t82+t83+t96+t111+1.1e+1;
t145 = t8.*t130;
t146 = t8.*t131;
t148 = t10.*t130;
t149 = t10.*t131;
t151 = q5.*t130.*4.0;
t152 = q5.*t131.*4.0;
t153 = q5.*t132.*4.0;
t154 = t11.*t130;
t155 = t11.*t131;
t157 = q6.*t130.*4.0;
t158 = q6.*t131.*4.0;
t159 = q6.*t132.*4.0;
t161 = t12.*t131;
t162 = t12.*t132;
t164 = t13.*t131;
t165 = t13.*t132;
t166 = t14.*t130;
t167 = t14.*t131;
t169 = t15.*t130;
t170 = t15.*t131;
t172 = t16.*t130;
t173 = t16.*t131;
t174 = t16.*t132;
t176 = t17.*t131;
t178 = t18.*t130;
t179 = t18.*t131;
t180 = t18.*t132;
t181 = t2.*t133;
t182 = t2.*t135;
t183 = t3.*t133;
t185 = q1.*t133.*4.0;
t186 = q1.*t135.*4.0;
t187 = t4.*t133;
t188 = t4.*t135;
t189 = t5.*t133;
t191 = t6.*t133;
t192 = t6.*t135;
t193 = q1.*t133.*6.0;
t194 = q1.*t135.*6.0;
t195 = t7.*t133;
t196 = t7.*t135;
t197 = q2.*t133.*6.0;
t198 = q2.*t135.*6.0;
t199 = t9.*t133;
t200 = t9.*t135;
t201 = q3.*t133.*6.0;
t202 = q3.*t135.*6.0;
t203 = q4.*t133.*6.0;
t204 = q4.*t135.*6.0;
t216 = q5.*t132.*-2.0;
t228 = q7.*t132.*-2.0;
t235 = q8.*t131.*-2.0;
t244 = q7.*t132.*-4.0;
t248 = q6.*t132.*-6.0;
t251 = q8.*t131.*-4.0;
t253 = q5.*t130.*8.0;
