function FE = FM_quat(t,in2,in3,in4,in5)
%FM_quat
%    FE = FM_quat(T,IN2,IN3,IN4,IN5)

%    This function was generated by the Symbolic Math Toolbox version 24.2.
%    15-Jan-2025 15:05:50

F_iso1 = in3(:,1);
F_iso2 = in3(:,2);
F_iso3 = in3(:,3);
F_iso4 = in3(:,4);
F_iso5 = in3(:,5);
F_iso6 = in3(:,6);
akt1 = in5(1,:);
akt2 = in5(2,:);
akt3 = in5(3,:);
akt4 = in5(4,:);
akt5 = in5(5,:);
akt6 = in5(6,:);
l0m1 = in4(:,1);
l0m2 = in4(:,2);
l0m3 = in4(:,3);
l0m4 = in4(:,4);
l0m5 = in4(:,5);
l0m6 = in4(:,6);
q1 = in2(:,1);
q2 = in2(:,2);
q3 = in2(:,3);
q4 = in2(:,4);
q5 = in2(:,5);
q6 = in2(:,6);
q7 = in2(:,7);
q8 = in2(:,8);
t2 = q1.*2.0;
t3 = q2.*2.0;
t4 = q3.*2.0;
t5 = q2.*4.0;
t6 = q4.*2.0;
t7 = q3.*4.0;
t8 = q2.^2;
t9 = q3.^2;
t10 = q4.^2;
t11 = q6.^2;
t12 = q7.^2;
t13 = q8.^2;
t20 = q5.*q6.*2.0;
t21 = q5.*q7.*2.0;
t22 = q5.*q8.*2.0;
t23 = q6.*q7.*2.0;
t24 = q6.*q8.*2.0;
t25 = q7.*q8.*2.0;
t26 = 1.0./l0m1;
t27 = 1.0./l0m2;
t29 = 1.0./l0m3;
t31 = 1.0./l0m4;
t33 = 1.0./l0m5;
t35 = 1.0./l0m6;
t39 = q1.*2.0e+1;
t40 = q2.*2.0e+1;
t41 = q3.*2.0e+1;
t42 = q4.*2.0e+1;
t43 = q2.*4.0e+1;
t44 = q3.*4.0e+1;
t51 = q1.*q2.*-2.0;
t62 = q1./5.0;
t63 = q2./5.0;
t64 = q2.*(2.0./5.0);
t65 = q3./5.0;
t66 = q3.*(2.0./5.0);
t67 = q4./5.0;
t68 = q4.*(2.0./5.0);
t69 = q5./5.0;
t70 = q6./5.0;
t71 = q5.*(3.0./5.0);
t72 = q7./5.0;
t73 = q6.*(3.0./5.0);
t74 = q7.*(2.0./5.0);
t75 = q8./5.0;
t76 = q7.*(3.0./5.0);
t77 = q8.*(2.0./5.0);
t78 = q5.*(6.0./5.0);
t79 = q8.*(3.0./5.0);
t80 = q6.*(6.0./5.0);
t81 = q7.*(6.0./5.0);
t82 = q8.*(6.0./5.0);
t105 = q1.*q2.*-2.0e+1;
t107 = q1.*q3.*-2.0e+1;
t110 = q2.*q4.*-2.0e+1;
t112 = q3.*q4.*-2.0e+1;
t122 = q6.*(1.2e+1./5.0);
t123 = q8.*(1.2e+1./5.0);
t135 = q1.*q3.*(-1.0./5.0);
t136 = q1.*q4.*(-1.0./5.0);
t137 = q2.*q3.*(-1.0./5.0);
t138 = q5.*q6.*(-3.0./5.0);
t139 = q6.*q8.*(-1.0./5.0);
t140 = q6.*q7.*(-6.0./5.0);
t14 = q2.*t2;
t15 = q3.*t2;
t16 = q4.*t2;
t17 = q3.*t3;
t18 = q4.*t3;
t19 = q4.*t4;
t28 = t26.^3;
t30 = t27.^3;
t32 = t29.^3;
t34 = t31.^3;
t36 = t33.^3;
t37 = t35.^3;
t38 = -t6;
t45 = q2.*t3;
t46 = q3.*t4;
t47 = q4.*t6;
t48 = t11.*2.0;
t49 = t12.*2.0;
t50 = t13.*2.0;
t55 = -t23;
t56 = -t24;
t57 = -t25;
t58 = q2.*t39;
t59 = q3.*t39;
t60 = q4.*t40;
t61 = q4.*t41;
t83 = -t39;
t84 = -t40;
t85 = -t41;
t86 = -t42;
t87 = -t43;
t88 = -t44;
t89 = t8.*2.0e+1;
t90 = t9.*2.0e+1;
t91 = q2.*t62;
t93 = q4.*t62;
t95 = q4.*t63;
t96 = q4.*t65;
t97 = q7.*t69;
t99 = q8.*t69;
t100 = q7.*t70;
t101 = q7.*t71;
t103 = q6.*t78;
t104 = q8.*t73;
t106 = q8.*t76;
t108 = q8.*t78;
t111 = q8.*t81;
t113 = -t62;
t114 = -t63;
t115 = -t64;
t116 = -t65;
t117 = -t71;
t118 = -t75;
t119 = -t77;
t121 = -t81;
t124 = t8./5.0;
t125 = t9./5.0;
t126 = t10./5.0;
t127 = t12./5.0;
t128 = t11.*(3.0./5.0);
t129 = t13./5.0;
t130 = t12.*(3.0./5.0);
t131 = t11.*(6.0./5.0);
t132 = t13.*(6.0./5.0);
t143 = t3+t67;
t144 = t4+t67;
t148 = t20+t25;
t149 = t21+t24;
t150 = t22+t23;
t159 = t63+t65;
t160 = t70+t79;
t161 = t72+t80;
t162 = t76+t82;
t362 = t3+t62+t68;
t363 = t5+t62+t67;
t596 = t69+t81+t82;
t602 = t69+t76+t123;
t133 = -t89;
t134 = -t90;
t141 = -t127;
t142 = -t129;
t145 = t14+t19;
t146 = t15+t18;
t147 = t16+t17;
t151 = t38+t63;
t152 = t38+t65;
t156 = t20+t57;
t157 = t21+t56;
t158 = t22+t55;
t171 = q1.*t149;
t172 = q2.*t149;
t173 = q3.*t149;
t174 = q4.*t149;
t175 = t63+t116;
t176 = t73+t118;
t177 = t70+t121;
t179 = q5.*(t15-t18);
t180 = q5.*(t16-t17);
t181 = q6.*(t15-t18);
t182 = q6.*(t16-t17);
t183 = q7.*(t15-t18);
t184 = q7.*(t16-t17);
t187 = q8.*(t15-t18);
t188 = q8.*(t16-t17);
t204 = t3.*t149;
t205 = t4.*t149;
t206 = t6.*t149;
t207 = t7.*t149;
t217 = q6.*(t14-t19).*2.0;
t222 = q7.*(t14-t19).*2.0;
t225 = q6.*(t14-t19).*4.0;
t228 = q7.*(t14-t19).*4.0;
t241 = t45+t46-1.0;
t242 = t45+t47-1.0;
t243 = t46+t47-1.0;
t244 = t48+t49-1.0;
t245 = t48+t50-1.0;
t246 = t49+t50-1.0;
t321 = t62.*t148;
t322 = t62.*t150;
t323 = q1.*t148.*(2.0./5.0);
t324 = q1.*t150.*(2.0./5.0);
t325 = t63.*t148;
t328 = q1.*t148.*(3.0./5.0);
t329 = q1.*t150.*(3.0./5.0);
t330 = t64.*t148;
t332 = t65.*t148;
t333 = t65.*t150;
t334 = q1.*t148.*(4.0./5.0);
t336 = q1.*t150.*(4.0./5.0);
t337 = q2.*t148.*(3.0./5.0);
t338 = q2.*t150.*(3.0./5.0);
t339 = t66.*t148;
t340 = t66.*t150;
t341 = t67.*t148;
t342 = t67.*t150;
t343 = q2.*t148.*(4.0./5.0);
t345 = q2.*t150.*(4.0./5.0);
t346 = q3.*t148.*(3.0./5.0);
t347 = q3.*t150.*(3.0./5.0);
t348 = t68.*t148;
t349 = t68.*t150;
t350 = q3.*t148.*(4.0./5.0);
t352 = q3.*t150.*(4.0./5.0);
t353 = q4.*t148.*(3.0./5.0);
t354 = q4.*t150.*(3.0./5.0);
t355 = q2.*t148.*(6.0./5.0);
t356 = q2.*t150.*(6.0./5.0);
t357 = q4.*t148.*(4.0./5.0);
t359 = q4.*t150.*(4.0./5.0);
t360 = q3.*t148.*(6.0./5.0);
t361 = q4.*t150.*(6.0./5.0);
t376 = t69.*(t14-t19);
t378 = t69.*(t16-t17);
t380 = q5.*(t14-t19).*(2.0./5.0);
t384 = t70.*(t14-t19);
t385 = t70.*(t15-t18);
t387 = t70.*(t16-t17);
t388 = t71.*(t14-t19);
t390 = t71.*(t15-t18);
t392 = q6.*(t14-t19).*(2.0./5.0);
t396 = t72.*(t14-t19);
t397 = t72.*(t15-t18);
t398 = t72.*(t16-t17);
t400 = q5.*(t14-t19).*(4.0./5.0);
t405 = t73.*(t14-t19);
t407 = t73.*(t16-t17);
t409 = t74.*(t14-t19);
t410 = t74.*(t15-t18);
t411 = t74.*(t16-t17);
t413 = t75.*(t14-t19);
t414 = t75.*(t15-t18);
t416 = t75.*(t16-t17);
t417 = q6.*(t14-t19).*(4.0./5.0);
t423 = t76.*(t14-t19);
t425 = t76.*(t15-t18);
t429 = t77.*(t14-t19);
t430 = t77.*(t15-t18);
t432 = t77.*(t16-t17);
t433 = q7.*(t14-t19).*(4.0./5.0);
t437 = t79.*(t14-t19);
t438 = t79.*(t15-t18);
t441 = t80.*(t16-t17);
t442 = q8.*(t14-t19).*(4.0./5.0);
t446 = t81.*(t15-t18);
t450 = t82.*(t16-t17);
t461 = q2.*t150.*(-1.0./5.0);
t467 = q2.*t150.*(-2.0./5.0);
t470 = q3.*t150.*(-1.0./5.0);
t479 = q3.*t150.*(-2.0./5.0);
t509 = q2.*t148.*(8.0./5.0);
t510 = q2.*t150.*(8.0./5.0);
t512 = q3.*t148.*(8.0./5.0);
t515 = q4.*t150.*(8.0./5.0);
t516 = t2+t66+t114;
t517 = t2+t65+t115;
t518 = t4+t68+t113;
t519 = t7+t67+t113;
t542 = q5.*(t14-t19).*(-3.0./5.0);
t545 = q7.*(t14-t19).*(-1.0./5.0);
t550 = q7.*(t14-t19).*(-2.0./5.0);
t551 = q8.*(t14-t19).*(-1.0./5.0);
t555 = q7.*(t14-t19).*(-3.0./5.0);
t557 = q8.*(t14-t19).*(-2.0./5.0);
t564 = q6.*(t14-t19).*(8.0./5.0);
t567 = q7.*(t14-t19).*(8.0./5.0);
t599 = t74+t80+t117;
t600 = t73+t78+t119;
t601 = t78+t80+t118;
t695 = t72+t117+t122;
t758 = t149.*(t15-t18);
t779 = (t148.*(t14-t19))./5.0;
t781 = (t150.*(t16-t17))./5.0;
t783 = t148.*(t14-t19).*(2.0./5.0);
t787 = t150.*(t16-t17).*(2.0./5.0);
t805 = (t148.*(t14-t19))./1.0e+1;
t807 = (t150.*(t16-t17))./1.0e+1;
t809 = t148.*(t14-t19).*(3.0./1.0e+1);
t811 = t150.*(t16-t17).*(3.0./1.0e+1);
t894 = t19+t51+t124+t126+t136+t137+1.1e+1./1.0e+1;
t898 = t99+t100+t106+t131+t132+t138-1.1e+1./1.0e+1;
t899 = t97+t103+t111+t128+t130+t139+9.7e+1./1.0e+1;
t163 = q5.*t145;
t164 = q5.*t147;
t165 = q6.*t145;
t166 = q6.*t147;
t167 = q7.*t145;
t168 = q7.*t147;
t169 = q8.*t145;
t170 = q8.*t147;
t190 = q6.*t146.*2.0;
t193 = q7.*t146.*2.0;
t195 = q6.*t146.*4.0;
t198 = q7.*t146.*4.0;
t199 = q1.*t156;
t200 = q2.*t156;
t201 = q3.*t156;
t203 = q4.*t156;
t208 = t174.*4.0;
t212 = t179.*2.0;
t213 = t180.*2.0;
t219 = t181.*2.0;
t220 = t182.*2.0;
t223 = t183.*2.0;
t224 = t184.*2.0;
t226 = t187.*2.0;
t227 = t188.*2.0;
t229 = -t171;
t231 = t171.*-2.0;
t232 = -t172;
t233 = t3.*t156;
t234 = t172.*-2.0;
t236 = t4.*t156;
t238 = t5.*t156;
t247 = -t179;
t248 = -t180;
t251 = -t181;
t252 = -t182;
t258 = -t187;
t260 = t69.*t145;
t261 = t69.*t146;
t263 = -t228;
t265 = q5.*t146.*(2.0./5.0);
t267 = t70.*t145;
t268 = t70.*t146;
t270 = t71.*t145;
t271 = t71.*t146;
t272 = t71.*t147;
t274 = q6.*t146.*(2.0./5.0);
t276 = t72.*t145;
t277 = t72.*t146;
t278 = t72.*t147;
t280 = q5.*t146.*(4.0./5.0);
t282 = t73.*t145;
t283 = t73.*t146;
t285 = t74.*t145;
