function FE = FM_quat(t,in2,in3,in4,in5)
%FM_quat
%    FE = FM_quat(T,IN2,IN3,IN4,IN5)

%    This function was generated by the Symbolic Math Toolbox version 24.2.
%    19-Feb-2025 14:59:39

F_iso1 = in3(:,1);
F_iso2 = in3(:,2);
F_iso3 = in3(:,3);
F_iso4 = in3(:,4);
F_iso5 = in3(:,5);
F_iso6 = in3(:,6);
akt1 = in5(1,:);
akt2 = in5(2,:);
akt3 = in5(3,:);
akt4 = in5(4,:);
akt5 = in5(5,:);
akt6 = in5(6,:);
l0m1 = in4(:,1);
l0m2 = in4(:,2);
l0m3 = in4(:,3);
l0m4 = in4(:,4);
l0m5 = in4(:,5);
l0m6 = in4(:,6);
q1 = in2(:,1);
q2 = in2(:,2);
q3 = in2(:,3);
q4 = in2(:,4);
q5 = in2(:,5);
q6 = in2(:,6);
q7 = in2(:,7);
q8 = in2(:,8);
t2 = q1.*2.0;
t3 = q2.*2.0;
t4 = q3.*2.0;
t5 = q2.*4.0;
t6 = q4.*2.0;
t7 = q3.*4.0;
t8 = q2.^2;
t9 = q3.^2;
t11 = q6.^2;
t12 = q7.^2;
t13 = q8.^2;
t20 = q5.*q6.*2.0;
t21 = q5.*q7.*2.0;
t22 = q5.*q8.*2.0;
t23 = q6.*q7.*2.0;
t24 = q6.*q8.*2.0;
t25 = q7.*q8.*2.0;
t26 = 1.0./l0m1;
t27 = 1.0./l0m2;
t28 = 1.0./l0m3;
t29 = 1.0./l0m4;
t30 = 1.0./l0m5;
t31 = 1.0./l0m6;
t44 = q1.*q2.*-2.0;
t45 = q1.*q3.*-2.0;
t47 = q2.*q4.*-2.0;
t52 = sqrt(2.0);
t53 = q5./5.0;
t54 = q6./5.0;
t55 = q5.*(3.0./5.0);
t56 = q7./5.0;
t57 = q6.*(3.0./5.0);
t58 = q7.*(2.0./5.0);
t59 = q8./5.0;
t60 = q7.*(3.0./5.0);
t61 = q8.*(2.0./5.0);
t62 = q8.*(3.0./5.0);
t63 = q6.*(6.0./5.0);
t64 = q7.*(6.0./5.0);
t82 = q5.*q7.*(-1.0./5.0);
t83 = q7.*q8.*(-3.0./5.0);
t14 = q2.*t2;
t15 = q3.*t2;
t16 = q4.*t2;
t17 = q3.*t3;
t18 = q4.*t3;
t19 = q4.*t4;
t32 = -t2;
t33 = -t3;
t34 = -t4;
t35 = -t5;
t36 = -t6;
t37 = -t7;
t38 = q2.*t3;
t39 = q3.*t4;
t40 = q4.*t6;
t41 = t11.*2.0;
t42 = t12.*2.0;
t43 = t13.*2.0;
t49 = -t23;
t50 = -t24;
t51 = -t25;
t65 = t8.*-2.0;
t66 = t9.*-2.0;
t68 = q6.*t55;
t69 = q8.*t53;
t70 = q7.*t54;
t71 = q7.*t55;
t72 = q8.*t54;
t73 = q8.*t57;
t75 = -t60;
t76 = -t62;
t77 = -t64;
t78 = t12./5.0;
t79 = t11.*(3.0./5.0);
t80 = t13./5.0;
t81 = t12.*(3.0./5.0);
t87 = t20+t25;
t88 = t21+t24;
t89 = t22+t23;
t90 = (q2.*t52)./5.0;
t91 = (q3.*t52)./5.0;
t92 = (q4.*t52)./5.0;
t93 = t52./2.0e+1;
t100 = t55+t56;
t101 = t55+t58;
t102 = t57+t59;
t103 = t57+t61;
t104 = t59+t63;
t106 = (q1.*t52)./1.0e+1;
t107 = (q2.*t52)./1.0e+1;
t108 = (q3.*t52)./1.0e+1;
t109 = (q4.*t52)./1.0e+1;
t84 = t14+t19;
t85 = t15+t18;
t86 = t16+t17;
t97 = t20+t51;
t98 = t21+t50;
t99 = t22+t49;
t105 = -t90;
t118 = q1.*t88;
t119 = q2.*t88;
t120 = q3.*t88;
t121 = q4.*t88;
t122 = -t93;
t123 = t53+t75;
t124 = t54+t76;
t125 = t53+t77;
t126 = -t106;
t127 = -t107;
t128 = -t108;
t129 = q5.*(t15-t18);
t130 = q5.*(t16-t17);
t131 = q6.*(t15-t18);
t132 = q6.*(t16-t17);
t133 = q7.*(t15-t18);
t134 = q7.*(t16-t17);
t138 = q8.*(t15-t18);
t139 = q8.*(t16-t17);
t158 = t2.*t87;
t159 = t2.*t88;
t160 = t2.*t89;
t162 = t3.*t87;
t163 = t3.*t88;
t164 = t3.*t89;
t165 = t4.*t87;
t166 = t4.*t88;
t167 = t4.*t89;
t168 = t5.*t87;
t169 = t5.*t89;
t170 = t6.*t87;
t171 = t6.*t88;
t172 = t6.*t89;
t173 = t7.*t87;
t174 = t7.*t88;
t176 = q4.*t89.*4.0;
t178 = q5.*(t14-t19).*2.0;
t184 = q6.*(t14-t19).*2.0;
t189 = q7.*(t14-t19).*2.0;
t193 = q6.*(t14-t19).*4.0;
t195 = q8.*(t14-t19).*2.0;
t199 = q7.*(t14-t19).*4.0;
t227 = t38+t39-1.0;
t228 = t38+t40-1.0;
t229 = t39+t40-1.0;
t230 = t41+t42-1.0;
t231 = t41+t43-1.0;
t232 = t42+t43-1.0;
t294 = (q1.*t87)./5.0;
t295 = (q1.*t89)./5.0;
t296 = (q2.*t87)./5.0;
t297 = (q2.*t89)./5.0;
t299 = q2.*t87.*(2.0./5.0);
t300 = q2.*t89.*(2.0./5.0);
t301 = (q3.*t87)./5.0;
t302 = (q3.*t89)./5.0;
t305 = q3.*t87.*(2.0./5.0);
t306 = (q4.*t87)./5.0;
t307 = (q4.*t89)./5.0;
t310 = q4.*t89.*(2.0./5.0);
t316 = t3+t109;
t317 = t4+t109;
t330 = t53.*(t14-t19);
t333 = t53.*(t16-t17);
t334 = t54.*(t14-t19);
t335 = t54.*(t15-t18);
t337 = t54.*(t16-t17);
t339 = t55.*(t15-t18);
t342 = t56.*(t14-t19);
t344 = t56.*(t15-t18);
t345 = t56.*(t16-t17);
t350 = t57.*(t15-t18);
t351 = t57.*(t16-t17);
t353 = t58.*(t15-t18);
t354 = t59.*(t14-t19);
t355 = t59.*(t15-t18);
t357 = t59.*(t16-t17);
t362 = t60.*(t15-t18);
t364 = t61.*(t15-t18);
t365 = t61.*(t16-t17);
t369 = t62.*(t15-t18);
t370 = t62.*(t16-t17);
t371 = t63.*(t14-t19);
t374 = t64.*(t14-t19);
t449 = q5.*(t14-t19).*(-1.0./5.0);
t456 = q8.*(t14-t19).*(-1.0./5.0);
t462 = q6.*(t14-t19).*(8.0./5.0);
t463 = q7.*(t14-t19).*(8.0./5.0);
t582 = t87.*(t14-t19);
t584 = t88.*(t15-t18);
t586 = t89.*(t16-t17);
t590 = t93.*(t16-t17);
t595 = t52.*(t15-t18).*(-1.0./2.0e+1);
t616 = t107+t108;
t641 = t3+t92+t106;
t650 = t5+t106+t109;
t713 = t72+t79+t81+t82-7.0./1.0e+1;
t110 = q5.*t84;
t111 = q5.*t86;
t112 = q6.*t84;
t113 = q6.*t86;
t114 = q7.*t84;
t115 = q7.*t86;
t116 = q8.*t84;
t117 = q8.*t86;
t136 = q5.*t85.*2.0;
t141 = q6.*t85.*2.0;
t144 = q7.*t85.*2.0;
t147 = q6.*t85.*4.0;
t149 = q8.*t85.*2.0;
t151 = q7.*t85.*4.0;
t155 = q1.*t97;
t156 = q2.*t97;
t157 = q3.*t97;
t161 = q4.*t97;
t175 = t121.*4.0;
t179 = t129.*2.0;
t180 = t130.*2.0;
t186 = t131.*2.0;
t187 = t132.*2.0;
t191 = t133.*2.0;
t192 = t134.*2.0;
t194 = t132.*4.0;
t196 = t138.*2.0;
t198 = t139.*2.0;
t200 = t133.*4.0;
t201 = t138.*4.0;
t202 = t139.*4.0;
t203 = -t118;
t207 = -t119;
t208 = t3.*t97;
t209 = t3.*t98;
t210 = t3.*t99;
t213 = t4.*t98;
t215 = t4.*t99;
t217 = t5.*t97;
t218 = t5.*t98;
t219 = t6.*t97;
t221 = t6.*t98;
t222 = t6.*t99;
t223 = t7.*t98;
t224 = t7.*t99;
t226 = q4.*t99.*4.0;
t233 = -t129;
t234 = -t130;
t235 = -t178;
t238 = -t131;
t239 = -t132;
t245 = -t195;
t247 = t53.*t84;
t248 = t53.*t85;
t249 = t53.*t86;
t250 = -t199;
t251 = t54.*t84;
t252 = t54.*t85;
t253 = t54.*t86;
t254 = t55.*t84;
t255 = t55.*t86;
t258 = t56.*t85;
t259 = t56.*t86;
t262 = t57.*t84;
t266 = t59.*t85;
t267 = t59.*t86;
t272 = t61.*t84;
t273 = t61.*t86;
t277 = t62.*t86;
t278 = t63.*t85;
t282 = t64.*t85;
t284 = q1.*t98.*-2.0;
t285 = q1.*t99.*-2.0;
t298 = t118.*(3.0./5.0);
t303 = t118.*(4.0./5.0);
t304 = t119.*(3.0./5.0);
t308 = t119.*(4.0./5.0);
t309 = t120.*(3.0./5.0);
t311 = t120.*(4.0./5.0);
t312 = t121.*(3.0./5.0);
t313 = t121.*(4.0./5.0);
t314 = t120.*(6.0./5.0);
t315 = t121.*(6.0./5.0);
t318 = q5.*t228;
t319 = q5.*t229;
t320 = q6.*t228;
t321 = q6.*t229;
t322 = q7.*t228;
t323 = q1.*t230;
t324 = q7.*t229;
t325 = q8.*t228;
t326 = q2.*t230;
t327 = q8.*t229;
t328 = q3.*t230;
t329 = q4.*t230;
t336 = q6.*t85.*(-1.0./5.0);
t341 = t132.*(2.0./5.0);
t348 = t129.*(4.0./5.0);
t349 = t130.*(4.0./5.0);
t356 = q8.*t85.*(-1.0./5.0);
t359 = t131.*(4.0./5.0);
t360 = t132.*(4.0./5.0);
t366 = t133.*(4.0./5.0);
t367 = t134.*(4.0./5.0);
t372 = t138.*(4.0./5.0);
t373 = t139.*(4.0./5.0);
t375 = q6.*t85.*(8.0./5.0);
t376 = q7.*t85.*(8.0./5.0);
t377 = -t294;
t378 = (q1.*t98)./5.0;
t379 = (q1.*t99)./5.0;
t380 = (q2.*t98)./5.0;
t381 = (q2.*t99)./5.0;
t382 = -t297;
t384 = q2.*t98.*(2.0./5.0);
t385 = -t300;
t386 = -t301;
t387 = (q3.*t98)./5.0;
t388 = (q3.*t99)./5.0;
t389 = -t302;
t393 = -t305;
t394 = q3.*t98.*(2.0./5.0);
t395 = q3.*t99.*(2.0./5.0);
t396 = -t306;
t397 = (q4.*t98)./5.0;
t398 = (q4.*t99)./5.0;
t401 = q4.*t99.*(2.0./5.0);
t409 = t120.*(8.0./5.0);
t410 = t121.*(8.0./5.0);
t411 = t6+t127;
t412 = t6+t128;
t413 = q5.*t227.*2.0;
t415 = q6.*t227.*2.0;
t418 = q7.*t227.*2.0;
t419 = q6.*t227.*4.0;
t422 = q8.*t227.*2.0;
t423 = t2.*t230;
t425 = q7.*t227.*4.0;
t428 = t2.*t231;
t429 = t3.*t230;
t431 = t2.*t232;
t433 = t4.*t230;
t436 = t5.*t230;
t437 = t3.*t232;
t438 = t4.*t231;
t439 = t6.*t230;
t443 = t4.*t232;
t444 = t6.*t231;
t446 = t7.*t232;
t447 = q4.*t231.*4.0;
t448 = q4.*t232.*4.0;
t450 = t129.*(-1.0./5.0);
t457 = t138.*(-1.0./5.0);
t460 = t134.*(-3.0./5.0);
t476 = q2.*t231.*-2.0;
t481 = q2.*t231.*-4.0;
t483 = q4.*t232.*-2.0;
t485 = t53.*t227;
t486 = t53.*t228;
t487 = t54.*t227;
t488 = t53.*t229;
t490 = t56.*t227;
t491 = t55.*t228;
t493 = t54.*t229;
t495 = t59.*t227;
t497 = t55.*t229;
